2021-02-24T10:17:53.076 -22.32224 63.89646 4.862 4.56 4.53
2021-02-24T10:27:59.639 -22.05429 63.91842 3.827 4.70 4.30
2021-02-24T10:28:18.917 -22.01389 63.92962 0.466 4.62 3.87
2021-02-24T10:30:46.197 -22.09958 63.91481 2.949 4.97 4.24
2021-02-24T12:37:30.329 -21.97304 63.91891 2.376 4.75 4.62
2021-02-26T20:08:09.639 -22.22121 63.92266 5.698 4.63 4.06
2021-02-26T22:38:43.866 -22.21816 63.92277 5.743 4.86 4.27
2021-02-27T08:07:44.389 -22.23978 63.92175 4.782 5.15 4.63
2021-02-28T00:19:14.988 -22.23251 63.92022 5.350 4.70 4.22
2021-02-28T19:01:37.191 -22.18765 63.92434 5.035 4.68 4.24
2021-03-01T01:31:37.720 -22.21036 63.92493 3.361 4.90 4.29
2021-03-01T16:35:46.242 -22.14738 63.93831 2.638 5.04 4.45
2021-03-02T03:05:32.579 -22.23613 63.91362 6.287 4.62 4.44
2021-03-04T08:54:07.219 -22.25650 63.89123 6.729 4.54 4.16
2021-03-07T02:01:26.394 -22.33331 63.88956 6.631 4.98 4.54
2021-03-10T03:14:38.597 -22.29604 63.88312 5.778 5.08 4.62
2021-03-10T08:50:00.760 -22.26043 63.88934 4.018 4.56 4.16
2021-03-11T08:53:15.569 -22.57118 63.84174 4.736 4.55 4.27
2021-03-12T07:43:01.974 -22.29436 63.87807 3.645 4.99 4.11
2021-03-13T01:34:32.940 -22.28722 63.86840 5.648 4.55 4.18
2021-03-14T12:34:36.363 -22.28325 63.86734 4.614 4.58 4.18
2021-03-14T14:15:25.097 -22.33812 63.86287 3.054 5.44 4.57
